Полученный массив: 
  0,01 2869,26   0,01  -0,00   0,00  -0,05   0,02   0,01   2,10   0,01   0,00   0,01   0,01  -0,93   0,01   0,01 -12,85   0,01   0,01 
  0,54   0,41   0,54  -0,26   0,52  -0,97   0,54   0,54  -1,00   0,54   0,43   0,54   0,53  -0,99   0,54   0,54   0,25   0,54   0,54 
  0,01 2869,26   0,01  -0,00   0,00  -0,05   0,02   0,01   2,10   0,01   0,00   0,01   0,01  -0,93   0,01   0,01 -12,85   0,01   0,01 
  0,01 2869,26   0,01  -0,00   0,00  -0,05   0,02   0,01   2,10   0,01   0,00   0,01   0,01  -0,93   0,01   0,01 -12,85   0,01   0,01 
  1,62   1,18   2,16   2,06   0,53   2,17   1,04   2,10   0,73   0,46   0,63   1,68   1,09   1,84   1,71   0,72   1,53   1,66   0,75 
  1,62   1,18   2,16   2,06   0,53   2,17   1,04   2,10   0,73   0,46   0,63   1,68   1,09   1,84   1,71   0,72   1,53   1,66   0,75 
  1,62   1,18   2,16   2,06   0,53   2,17   1,04   2,10   0,73   0,46   0,63   1,68   1,09   1,84   1,71   0,72   1,53   1,66   0,75 
  0,01 2869,26   0,01  -0,00   0,00  -0,05   0,02   0,01   2,10   0,01   0,00   0,01   0,01  -0,93   0,01   0,01 -12,85   0,01   0,01 
  1,62   1,18   2,16   2,06   0,53   2,17   1,04   2,10   0,73   0,46   0,63   1,68   1,09   1,84   1,71   0,72   1,53   1,66   0,75 
